3.125000e+00 -2.971353e-16 9.741148e-01
2.209709e+00 2.209709e+00 9.719506e-01
7.094395e-16 3.125000e+00 8.911635e-01
-2.209709e+00 2.209709e+00 8.296795e-01
-3.125000e+00 6.798374e-16 7.942001e-01
-2.209709e+00 -2.209709e+00 8.277337e-01
-1.092142e-15 -3.125000e+00 9.054284e-01
2.209709e+00 -2.209709e+00 9.684777e-01
6.250000e+00 -5.942706e-16 9.935182e-01
4.419417e+00 4.419417e+00 9.902615e-01
1.418879e-15 6.250000e+00 8.951498e-01
-4.419417e+00 4.419417e+00 7.881620e-01
-6.250000e+00 1.359675e-15 7.431973e-01
-4.419417e+00 -4.419417e+00 7.952757e-01
-2.184283e-15 -6.250000e+00 8.950414e-01
4.419417e+00 -4.419417e+00 9.729608e-01
1.250000e+01 -1.188541e-15 9.632517e-01
8.838835e+00 8.838835e+00 9.586872e-01
2.837758e-15 1.250000e+01 8.776374e-01
-8.838835e+00 8.838835e+00 7.415129e-01
-1.250000e+01 2.719350e-15 6.765240e-01
-8.838835e+00 -8.838835e+00 7.528776e-01
-4.368567e-15 -1.250000e+01 8.781248e-01
8.838835e+00 -8.838835e+00 9.753238e-01
2.500000e+01 -2.377082e-15 9.848061e-01
1.767767e+01 1.767767e+01 9.457622e-01
5.675516e-15 2.500000e+01 8.457423e-01
-1.767767e+01 1.767767e+01 7.138930e-01
-2.500000e+01 5.438699e-15 6.517683e-01
-1.767767e+01 -1.767767e+01 7.079318e-01
-8.737133e-15 -2.500000e+01 8.457138e-01
1.767767e+01 -1.767767e+01 9.475685e-01
5.000000e+01 -4.754165e-15 9.341767e-01
3.535534e+01 3.535534e+01 8.919947e-01
1.135103e-14 5.000000e+01 7.765329e-01
-3.535534e+01 3.535534e+01 6.400395e-01
-5.000000e+01 1.087740e-14 5.755065e-01
-3.535534e+01 -3.535534e+01 6.374072e-01
-1.747427e-14 -5.000000e+01 7.762181e-01
3.535534e+01 -3.535534e+01 8.971751e-01
7.500000e+01 -7.131247e-15 8.252023e-01
5.303301e+01 5.303301e+01 7.815170e-01
1.702655e-14 7.500000e+01 6.661037e-01
-5.303301e+01 5.303301e+01 5.385203e-01
-7.500000e+01 1.631610e-14 4.789028e-01
-5.303301e+01 -5.303301e+01 5.373477e-01
-2.621140e-14 -7.500000e+01 6.711793e-01
5.303301e+01 -5.303301e+01 7.863087e-01
1.000000e+02 -9.508329e-15 6.600871e-01
7.071068e+01 7.071068e+01 6.237761e-01
2.270207e-14 1.000000e+02 5.310910e-01
-7.071068e+01 7.071068e+01 4.188877e-01
-1.000000e+02 2.175480e-14 3.654331e-01
-7.071068e+01 -7.071068e+01 4.159804e-01
-3.494853e-14 -1.000000e+02 5.284045e-01
7.071068e+01 -7.071068e+01 6.237137e-01
1.250000e+02 -1.188541e-14 4.879523e-01
8.838835e+01 8.838835e+01 4.635536e-01
2.837758e-14 1.250000e+02 3.912699e-01
-8.838835e+01 8.838835e+01 3.019292e-01
-1.250000e+02 2.719350e-14 2.598726e-01
-8.838835e+01 -8.838835e+01 2.966744e-01
-4.368567e-14 -1.250000e+02 3.825187e-01
8.838835e+01 -8.838835e+01 4.591262e-01
1.500000e+02 -1.426249e-14 3.340796e-01
1.060660e+02 1.060660e+02 3.193712e-01
3.405310e-14 1.500000e+02 2.691397e-01
-1.060660e+02 1.060660e+02 2.044646e-01
-1.500000e+02 3.263220e-14 1.725829e-01
-1.060660e+02 -1.060660e+02 1.980120e-01
-5.242280e-14 -1.500000e+02 2.576824e-01
1.060660e+02 -1.060660e+02 3.105284e-01
1.750000e+02 -1.663958e-14 2.124221e-01
1.237437e+02 1.237437e+02 2.060803e-01
3.972861e-14 1.750000e+02 1.741831e-01
-1.237437e+02 1.237437e+02 1.312633e-01
-1.750000e+02 3.807090e-14 1.078159e-01
-1.237437e+02 -1.237437e+02 1.241488e-01
-6.115993e-14 -1.750000e+02 1.623502e-01
1.237437e+02 -1.237437e+02 1.967813e-01
2.000000e+02 -1.901666e-14 1.267347e-01
1.414214e+02 1.414214e+02 1.246421e-01
4.540413e-14 2.000000e+02 1.066571e-01
-1.414214e+02 1.414214e+02 7.957407e-02
-2.000000e+02 4.350959e-14 6.399432e-02
-1.414214e+02 -1.414214e+02 7.373359e-02
-6.989707e-14 -2.000000e+02 9.617060e-02
1.414214e+02 -1.414214e+02 1.171822e-01
2.250000e+02 -2.139374e-14 7.172239e-02
1.590990e+02 1.590990e+02 7.164354e-02
5.107965e-14 2.250000e+02 6.197626e-02
-1.590990e+02 1.590990e+02 4.594061e-02
-2.250000e+02 4.894829e-14 3.627284e-02
-1.590990e+02 -1.590990e+02 4.143384e-02
-7.863420e-14 -2.250000e+02 5.432492e-02
1.590990e+02 -1.590990e+02 6.611550e-02
2.500000e+02 -2.377082e-14 3.867052e-02
1.767767e+02 1.767767e+02 3.942441e-02
5.675516e-14 2.500000e+02 3.452841e-02
-1.767767e+02 1.767767e+02 2.542299e-02
-2.500000e+02 5.438699e-14 1.978916e-02
-1.767767e+02 -1.767767e+02 2.228481e-02
-8.737133e-14 -2.500000e+02 2.912630e-02
1.767767e+02 -1.767767e+02 3.535715e-02
2.750000e+02 -2.614791e-14 2.013197e-02
1.944544e+02 1.944544e+02 2.082366e-02
6.243068e-14 2.750000e+02 1.854078e-02
-1.944544e+02 1.944544e+02 1.360673e-02
-2.750000e+02 5.982569e-14 1.033595e-02
-1.944544e+02 -1.944544e+02 1.157660e-02
-9.610847e-14 -2.750000e+02 1.500713e-02
1.944544e+02 -1.944544e+02 1.813146e-02
3.000000e+02 -2.852499e-14 1.006421e-02
2.121320e+02 2.121320e+02 1.073906e-02
6.810620e-14 3.000000e+02 9.656474e-03
-2.121320e+02 2.121320e+02 7.020937e-03
-3.000000e+02 6.526439e-14 5.217019e-03
-2.121320e+02 -2.121320e+02 5.802165e-03
-1.048456e-13 -3.000000e+02 7.435758e-03
2.121320e+02 -2.121320e+02 8.961273e-03
3.250000e+02 -3.090207e-14 4.911507e-03
2.298097e+02 2.298097e+02 5.363720e-03
7.378171e-14 3.250000e+02 4.900330e-03
-2.298097e+02 2.298097e+02 3.520483e-03
-3.250000e+02 7.070309e-14 2.558100e-03
-2.298097e+02 -2.298097e+02 2.825202e-03
-1.135827e-13 -3.250000e+02 3.578981e-03
2.298097e+02 -2.298097e+02 4.296418e-03
3.500000e+02 -3.327915e-14 2.323326e-03
2.474874e+02 2.474874e+02 2.610624e-03
7.945723e-14 3.500000e+02 2.407916e-03
-2.474874e+02 2.474874e+02 1.717007e-03
-3.500000e+02 7.614179e-14 1.226446e-03
-2.474874e+02 -2.474874e+02 1.320443e-03
-1.223199e-13 -3.500000e+02 1.664511e-03
2.474874e+02 -2.474874e+02 1.997243e-03
3.750000e+02 -3.565624e-14 1.080111e-03
2.651650e+02 2.651650e+02 1.246701e-03
8.513274e-14 3.750000e+02 1.154772e-03
-2.651650e+02 2.651650e+02 8.168206e-04
-3.750000e+02 8.158049e-14 5.717663e-04
-2.651650e+02 -2.651650e+02 6.084053e-04
-1.310570e-13 -3.750000e+02 7.655940e-04
2.651650e+02 -2.651650e+02 9.128657e-04
4.000000e+02 -3.803332e-14 4.997167e-04
2.828427e+02 2.828427e+02 5.875923e-04
9.080826e-14 4.000000e+02 5.460850e-04
-2.828427e+02 2.828427e+02 3.715071e-04
-4.000000e+02 8.701919e-14 2.557972e-04
-2.828427e+02 -2.828427e+02 2.681180e-04
-1.397941e-13 -4.000000e+02 3.438894e-04
2.828427e+02 -2.828427e+02 4.162154e-04
4.250000e+02 -4.041040e-14 2.240205e-04
3.005204e+02 3.005204e+02 2.739570e-04
9.648378e-14 4.250000e+02 2.523856e-04
-3.005204e+02 3.005204e+02 1.643447e-04
-4.250000e+02 9.245789e-14 1.081060e-04
-3.005204e+02 -3.005204e+02 1.162976e-04
-1.485313e-13 -4.250000e+02 1.477707e-04
3.005204e+02 -3.005204e+02 1.805519e-04
4.500000e+02 -4.278748e-14 9.568264e-05
3.181981e+02 3.181981e+02 1.216996e-04
1.021593e-13 4.500000e+02 1.111188e-04
-3.181981e+02 3.181981e+02 7.215943e-05
-4.500000e+02 9.789659e-14 4.400487e-05
-3.181981e+02 -3.181981e+02 4.537324e-05
-1.572684e-13 -4.500000e+02 6.224248e-05
3.181981e+02 -3.181981e+02 7.659394e-05
4.750000e+02 -4.516457e-14 4.147384e-05
3.358757e+02 3.358757e+02 5.115095e-05
1.078348e-13 4.750000e+02 4.788047e-05
-3.358757e+02 3.358757e+02 3.211181e-05
-4.750000e+02 1.033353e-13 1.822728e-05
-3.358757e+02 -3.358757e+02 1.867166e-05
-1.660055e-13 -4.750000e+02 2.330631e-05
3.358757e+02 -3.358757e+02 3.158004e-05
5.000000e+02 -4.754165e-14 1.662473e-05
3.535534e+02 3.535534e+02 2.193878e-05
1.135103e-13 5.000000e+02 2.006735e-05
-3.535534e+02 3.535534e+02 1.360009e-05
-5.000000e+02 1.087740e-13 8.637350e-06
-3.535534e+02 -3.535534e+02 8.109495e-06
-1.747427e-13 -5.000000e+02 9.325473e-06
3.535534e+02 -3.535534e+02 1.175914e-05
